403
rbg403.xml
2984
28
48
322
357
386
47
112
90
72
224
230
382
111
165
163
3
368
105
391
154
207
45
401
168
331
378
198
313
282
327
140
269
136
178
326
325
194
324
379
95
55
301
256
120
25
33
162
79
353
263
218
384
383
9
43
84
257
166
67
78
226
156
210
180
302
181
363
289
87
152
59
369
150
34
295
332
74
115
338
134
348
329
177
250
347
119
305
241
113
107
61
370
358
46
131
0
267
317
190
265
275
258
106
340
153
75
345
173
214
268
22
21
233
380
315
127
192
189
110
139
38
270
88
62
160
365
104
197
97
56
253
312
260
336
321
362
208
231
306
73
77
147
125
273
293
132
381
167
54
304
394
393
32
138
377
283
8
52
128
175
155
20
235
141
392
255
243
212
217
50
93
349
400
109
149
51
259
129
351
395
176
31
309
126
27
116
196
53
29
184
355
6
237
240
294
318
151
101
158
287
272
222
185
308
5
323
354
200
297
124
170
334
201
118
41
229
14
69
188
296
137
397
26
238
298
82
320
164
15
186
40
352
135
58
277
341
221
300
114
96
66
37
130
314
7
376
361
276
49
215
216
342
337
366
292
388
299
179
223
319
86
11
133
23
225
372
284
290
213
278
57
316
249
13
205
251
330
343
246
385
203
248
64
92
108
247
291
204
307
271
121
2
328
281
262
89
359
264
274
350
172
206
242
389
187
285
398
174
99
346
24
36
364
303
65
102
311
236
227
144
234
228
266
387
145
39
373
30
245
252
191
195
280
279
202
94
171
63
18
254
148
367
76
310
344
209
356
42
183
396
161
286
60
44
81
402
1
91
335
10
211
219
19
71
159
143
399
122
157
339
193
103
16
390
123
17
12
142
199
146
288
85
35
333
4
239
117
182
100
98
375
371
83
360
169
232
261
68
244
80
220
70
374
28
